../imageDB/categories/keyboard/IMG_1405.JPG	111	111	111	111	111	111	111	111	111	111	111	111	111	111	111	111	111	111	111	111	111	111	111	111	111	
../imageDB/categories/keyboard/IMG_1409.JPG	19	19	19	21	21	19	19	19	21	21	19	19	19	21	21	17	17	17	17	17	17	17	17	17	17	
../imageDB/categories/keyboard/IMG_3125.jpg	15	15	15	17	17	15	15	15	15	15	15	13	15	15	15	16	14	16	16	16	14	14	16	16	16	
../imageDB/categories/keyboard/IMG_3148.jpg	20	20	20	20	20	20	20	20	20	20	20	20	20	20	20	19	19	19	19	19	19	19	19	19	19	
../imageDB/categories/keyboard/IMG_3053.JPG	170	160	160	160	160	170	160	160	160	160	170	160	160	160	160	160	150	150	160	160	160	150	150	160	160	
../imageDB/categories/keyboard/IMG_3146.jpg	17	17	17	17	17	17	18	17	17	17	17	17	17	17	18	17	18	17	18	18	17	17	17	18	18	
../imageDB/categories/keyboard/IMG_1406.JPG	103	103	103	101	101	103	103	103	101	101	103	103	103	101	101	109	109	109	109	109	109	109	109	109	109	
../imageDB/categories/keyboard/IMG_3056.JPG	22	22	22	22	22	22	22	22	22	22	22	22	22	22	22	24	24	24	23	23	24	23	23	23	23	
../imageDB/categories/keyboard/IMG_3129.jpg	96	96	96	96	96	96	96	96	96	96	96	96	96	96	96	96	96	96	96	96	96	96	96	96	96	
../imageDB/categories/keyboard/IMG_1408.JPG	19	20	20	20	20	19	19	19	20	20	19	19	19	20	20	19	19	19	19	19	19	19	19	19	19	
../imageDB/categories/keyboard/IMG_1410.JPG	106	106	106	106	106	106	106	106	106	106	106	106	106	106	106	106	106	106	106	106	106	106	106	106	106	
../imageDB/categories/keyboard/IMG_3141.jpg	22	22	22	23	23	22	22	22	23	23	22	22	22	23	23	22	20	20	20	20	22	20	20	20	20	
../imageDB/categories/keyboard/IMG_3126.jpg	50	50	50	50	50	50	50	50	50	50	50	50	50	50	50	30	30	30	30	30	30	30	30	30	30	
../imageDB/categories/keyboard/IMG_1404.JPG	98	96	96	101	101	98	98	98	101	101	98	98	98	101	101	104	98	98	103	103	104	98	98	103	103	
../imageDB/categories/keyboard/IMG_3131.jpg	16	16	16	16	16	16	16	16	21	21	16	16	16	21	21	16	16	16	16	16	16	16	16	16	16	
../imageDB/categories/keyboard/IMG_1413.JPG	19	19	19	19	19	19	19	19	19	19	19	19	19	19	19	20	20	20	20	20	20	20	20	20	20	
../imageDB/categories/keyboard/IMG_1412.JPG	24	24	24	24	24	24	24	24	24	24	24	24	24	24	24	24	24	24	24	24	24	24	24	24	24	
../imageDB/categories/keyboard/IMG_3122.jpg	26	26	26	26	26	26	26	26	26	26	26	26	26	26	26	30	23	23	23	23	30	23	23	23	23	
../imageDB/categories/keyboard/IMG_1416.JPG	26	26	26	30	30	26	26	26	30	30	26	26	26	30	30	30	30	30	30	30	30	30	30	30	30	
../imageDB/categories/keyboard/IMG_3057.JPG	18	18	18	18	18	18	18	18	20	20	18	18	18	20	20	18	18	18	18	18	18	18	18	18	18	
../imageDB/categories/keyboard/IMG_3054.JPG	21	21	21	21	21	21	21	21	21	21	21	21	21	21	21	23	23	23	21	21	23	23	23	21	21	
../imageDB/categories/keyboard/IMG_1407.JPG	21	22	22	21	21	21	22	22	21	21	21	22	22	20	20	22	22	22	20	20	24	22	22	22	22	
../imageDB/categories/keyboard/IMG_3147.jpg	8	8	8	9	9	5	8	8	9	9	5	8	8	9	9	8	8	8	5	5	8	8	8	5	5	
../imageDB/categories/keyboard/IMG_3149.jpg	15	15	15	17	17	15	15	15	17	17	15	15	15	17	17	15	15	15	17	17	15	15	15	17	17	
../imageDB/categories/keyboard/IMG_3055.JPG	30	30	30	20	20	30	30	30	20	20	30	30	30	20	20	50	50	50	30	30	50	50	50	30	30	
../imageDB/categories/monitor/IMG_2882.jpg	110	110	110	110	110	110	110	110	110	110	110	110	110	110	110	110	110	110	110	110	110	110	110	110	110	
../imageDB/categories/monitor/IMG_2879.jpg	165	165	165	0	0	165	165	165	0	0	165	165	165	0	0	165	165	165	0	0	165	165	165	0	0	
../imageDB/categories/monitor/IMG_5519.jpg	24	24	24	24	24	24	24	24	26	26	24	24	24	26	26	26	26	26	26	26	26	26	26	26	26	
../imageDB/categories/monitor/IMG_2886.jpg	120	126	126	120	0	126	126	126	120	120	126	126	126	120	120	126	126	126	120	120	126	126	126	120	120	
../imageDB/categories/monitor/IMG_2885.jpg	110	114	114	125	125	110	110	110	114	114	110	110	110	114	114	110	110	110	110	110	110	110	110	110	110	
../imageDB/categories/monitor/IMG_2884.jpg	120	120	120	120	120	120	120	120	120	120	120	120	120	120	120	120	120	120	120	120	120	120	120	120	120	
../imageDB/categories/monitor/IMG_5517.jpg	108	108	108	108	108	108	108	108	108	108	108	108	108	108	108	108	108	108	108	108	108	108	108	108	108	
../imageDB/categories/monitor/IMG_5518.jpg	26	26	26	26	26	26	26	26	26	26	26	26	26	26	26	26	26	26	26	26	26	26	26	26	26	
../imageDB/categories/monitor/IMG_2881.jpg	75	30	30	165	165	75	0	0	0	0	75	0	0	0	0	0	0	0	120	120	0	0	0	120	120	
../imageDB/categories/monitor/IMG_2880.jpg	120	120	120	114	114	120	120	120	120	120	120	120	120	120	120	120	120	120	120	120	120	120	120	120	120	
../imageDB/categories/monitor/IMG_5521.jpg	19	19	19	19	19	19	25	25	19	19	19	25	25	19	19	19	25	25	19	19	19	25	25	19	19	
../imageDB/categories/monitor/IMG_2883.jpg	165	165	165	0	0	165	165	165	0	0	165	165	165	0	0	165	165	165	0	0	165	165	165	0	0	
../imageDB/categories/monitor/IMG_5520.jpg	140	140	140	140	140	140	140	140	140	140	140	140	140	140	140	140	140	140	140	140	140	140	140	140	140	
../imageDB/categories/piano/IMG_5297.JPG	30	30	30	36	36	30	30	30	30	30	30	30	30	30	30	36	36	36	36	36	36	36	36	36	36	
../imageDB/categories/piano/IMG_5290.JPG	11	11	11	11	11	11	11	11	11	11	11	11	11	11	11	13	11	11	11	11	13	11	11	11	11	
../imageDB/categories/piano/IMG_5294.JPG	17	17	17	17	17	17	17	17	17	17	17	17	17	17	17	17	17	17	17	17	17	17	17	17	17	
../imageDB/categories/piano/IMG_5295.JPG	20	20	20	19	19	20	20	20	19	19	20	20	20	19	19	20	20	20	20	20	20	20	20	20	20	
../imageDB/categories/piano/IMG_5296.JPG	73	73	73	60	60	66	60	60	60	60	66	60	60	60	60	60	60	60	60	60	60	60	60	60	60	
../imageDB/categories/piano/IMG_5291.JPG	83	83	83	75	75	83	83	83	75	75	83	83	83	75	75	83	83	83	83	83	83	83	83	83	83	
../imageDB/categories/piano/IMG_5289.JPG	30	30	30	50	50	30	30	30	50	50	30	30	30	50	50	50	50	50	50	50	50	50	50	50	50	
../imageDB/categories/piano/IMG_5292.JPG	13	13	13	6	6	13	6	6	6	6	13	6	6	6	6	11	11	11	11	11	11	11	11	11	11	
../imageDB/categories/piano/IMG_5287.JPG	26	26	26	26	26	26	26	26	26	26	26	26	26	26	26	26	26	26	26	26	26	26	26	26	26	
../imageDB/categories/piano/IMG_5293.JPG	19	19	19	19	19	19	19	19	18	18	19	19	19	18	18	18	19	19	19	19	18	19	19	19	19	
../imageDB/categories/wall_outlet/20160211_164424.jpg	110	110	110	0	0	110	75	75	0	0	110	75	75	0	0	0	0	0	0	0	0	0	0	0	0	
../imageDB/categories/wall_outlet/20160211_164323.jpg	18	19	19	17	17	18	18	18	17	17	18	18	18	17	17	17	17	17	17	17	17	17	17	17	17	
